# https://github.com/VirgilClyne/GetSomeFries/wiki/🌐-ASN#简介
56041
4808
45090
134810
9808
17621
17638
56048
4837
140292
24547
58461
56040
137694
56047
4134
4538
37963
56046
63612
17622
17623
45110
134420
140061
63701
137697
38341
24444
140527
9812
9394
24445
132525
4835
4809
4812
23724
134761
58563
133774
4811
24138
23853
24400
4847
45062
134760
38283
137695
140265
17969
140717
17964
140636
17633
38370
17430
63646
45101
140979
137693
17816
24147
140726
45075
56044
134765
135061
58542
17775
138407
137689
18245
56042
134543
55990
139139
24139
271571
134764
18242
9929
137735
134772
141998
140553
136190
9811
131486
37965
18118
139220
17962
134756
138421
394695
134769
139201
38365
9809
132153
138950
9814
55960
58519
9807
140716
21859
23848
132833
137698
4816
24430
59037
136959
38019
45083
133865
140707
24427
140105
137718
17968
23650
133776
136192
18239
136958
63835
23839
58541
9802
10212
268551
17897
139007
9389
17799
136194
137702
17429
134771
134542
38381
134417
136200
45057
131562
140279
58466
139080
137692
58866
137764
63582
9306
24424
140345
131536
133118
9939
58539
9298
135629
132225
22177
271304
134768
138982
137715
148969
136188
24141
24134
134238
136167
134419
134762
146842
9810
271258
139203
136191
23771
270415
52593
131506
52987
9805
262754
56006
59019
134770
58448
59011
55992
136195
9308
61802
146758
146746
24422
141771
134425
63570
45061
146966
56013
141739
59078
132147
38364
63548
134773
58593
17490
24355
54600
35908
38342
23596
262811
140485
24151
133775
140647
24416
141157
38379
139462
38378
134763
268920
38027
4611
139138
139154
137798
55994
268175
17428
133847
136197
267294
13778
17776
38363
140638
134774
35163
328543
55991
262546
45079
150145
149979
63527
140886
134766
7641
139099
63581
9405
146812
8222
328820
37395
137804
58540
36678
45084
139887
131325
4249
52898
264425
59067
58862
23842
40065
9392
140278
38346
58520
10206
23844
55958
63614
269444
45652
61648
271478
137690
20940
131519
137788
139136
45071
136198
56011
58772
52818
137699
137691
18241
58543
23851
266962
9818
24143
38057
63838
395291
58517
10100
56002
40526
59083
264323
138991
61948
63629
32528
24489
45113
142608
38238
45668
133119
142404
269254
55468
17739
270352
17781
37970
61810
109
139019
268350
137801
132510
56005
9801
149178
59029
25818
45086
137806
7609
56282
37379
137747
268387
138169
137787
55439
137745
61792
7653
21856
63617
139327
141679
58850
63722
140276
35710
131558
58811
268924
37942
53102
139177
56000
266060
52551
7640
63561
63615
269587
265980
267473
131577
137266
4859
139182
134544
268251
137539
147038
15399
28267
56003
24409
262463
269177
9803
265398
131578
26380
38367
269315
264076
55973
139178
328427
58518
20478
266061
58571
149837
264229
139721
38358
38380
37937
262970
270961
264570
137746
56012
55966
270689
139118
59034
270819
139179
140903
56019
56015
38372
59009
139110
139141
24331
268607
63634
38375
58536
146845
58854
271604
266016
140720
270875
139183
146809
268225
268169
133111
139767
329078
270922
63580
55799
55982
265059
131279
268202
137759
148981
131512
59012
61928
146814
55971
135577
133465
59074
7497
271022
270442
266625
10099
24357
328580
270771
263614
59073
131497
137758
59049
52944
269628
48200
271548
59010
271335
272243
141425
140329
140330
140490
140491
140492
23910
268288
24406
55826
140493
140494
270685
140495
140483
52827
140484
45576
140538
140487
140536
140488
140489
265475
24372
24371
271466
28610
140496
271639
140497
24302
268086
269298
140521
140522
140519
140518
140520
140511
140510
140512
140513
140508
140509
140516
140517
140514
140515
272269
139188
140083
271380
24349
140534
139100
272195
24350
45275
140056
135089
140533
3225
140336
24363
140537
140486
139161
24367
24364
272764
140337
137799
140535
131285
56004
272447
272603
140359
140334
146629
146628
146627
146626
146633
146632
146631
146630
140357
146621
140529
146620
146619
146618
146625
139090
146624
146623
140252
140251
140250
140254
140255
140253
146622
140246
140247
140245
140249
140248
140261
140257
140258
140256
140260
140259
140347
140298
140335
146645
140299
146644
140300
140350
140295
146643
140296
140297
146642
140293
146649
140294
59068
146648
140290
140291
146647
146646
146637
146636
146635
272661
146634
140303
146641
146640
140301
146639
140302
146638
140348
140332
146661
146660
146659
146658
58777
146665
146664
146663
146662
140354
146653
140532
146652
146651
146650
140351
146657
146656
271626
146655
146654
140356
63689
140333
146677
140531
146676
140352
146675
146674
137726
146681
146680
146679
146678
146669
140355
140530
146668
146667
146666
146673
146672
146671
146670
24360
146693
137401
146692
146691
146690
140346
146697
146696
146695
146694
272739
146685
146684
140358
146683
146682
146689
146688
146687
146686
140331
146709
146708
140360
140320
140319
140053
140309
146707
140318
140311
139112
146706
146713
146712
146711
52759
146710
146701
146700
146699
146698
146705
146704
146703
146702
140328
146725
146724
146723
138514
138513
138409
138436
138679
138641
138635
138597
138387
140238
146722
140361
140651
140650
140649
140648
140655
140654
140653
140652
140657
140656
146729
140528
146728
140376
140377
140375
140374
140378
140365
140366
140364
140368
140369
140367
140371
140370
140373
140372
146727
146726
140349
146717
328808
146716
146715
146714
146721
146720
146719
146718
140353
146741
146740
146739
146738
146745
137402
146744
146743
146742
146733
146732
146731
146730
146737
146736
146735
140861
140860
140863
140862
140857
140856
140859
140858
140853
140852
140855
140854
146734
139799
136199
4789
139589
139189
136189
59089
58879
208679
63679
37969
138369
24369
134169
45069
58859
136559
24359
138949
63549
142549
139249
24149
38439
38339
24239
58829
206729
24429
141429
138029
137719
132719
63619
133219
140219
132019
137509
58998
55998
132698
63598
140498
134098
139888
137688
142588
134488
63678
134578
134478
138378
24368
136758
24358
45058
149648
63648
24348
139248
59048
142048
138538
138438
142438
58828
24428
139328
135028
139618
133518
134418
142418
137218
139018
139908
140308
139108
59008
137897
63697
137687
38587
45587
45087
55977
63677
208577
134477
131477
138377
59077
55967
137767
17767
138667
131567
37957
38357
135357
18257
139157
59057
139057
137547
139247
132437
136237
212237
24137
131137
63727
138517
133517
139317
140317
55996
139796
63696
140596
9886
132886
55786
137686
7586
142586
55976
141776
138376
24376
17966
139866
136766
24366
139266
138166
55956
24356
137256
59056
149056
137946
133846
135646
136146
37936
137936
140936
58336
139726
58416
139316
140316
139216
9806
149506
140506
135006
140895
149795
63695
24495
131495
9395
137785
17785
134775
24575
149475
133475
138375
63565
135365
24365
133365
59265
59065
134755
63655
63555
133555
38355
38255
138545
136545
63545
141445
38345
59045
137835
139635
9535
63535
131535
131525
59025
141025
133515
140315
137805
63705
138405
137794
205794
141694
133194
137784
131484
142284
139874
139774
136574
131574
138374
45074
63564
142164
45064
63654
63554
142554
24354
58844
18244
24144
58834
38834
146834
139734
142634
63534
131134
63724
131524
138914
140314
63704
24404
134993
63593
138393
136193
45093
63583
63673
138373
136173
139073
58863
135663
135363
49953
137753
146753
142553
132553
38353
24353
37943
211843
139743
18243
59043
139833
140633
138333
24133
59033
132623
24423
38323
59023
139023
140913
137813
4813
149513
133513
24413
140313
139113
210903
63603
131503
132203
59003
133492
149292
56292
137882
137782
136782
142582
131482
138182
38272
139172
59072
58962
55962
42962
137762
24362
133952
58852
23852
24352
132352
58842
4842
139742
142642
138542
138442
17442
139122
59022
133512
140312
142112
134602
137791
63691
136591
9391
208191
139091
134981
211481
138381
59081
135671
137571
63571
138371
131171
137761
55461
24361
139061
142551
24351
37941
55641
63641
63541
138441
210041
133731
140731
63631
63531
139231
63621
131521
23911
137711
63711
142611
24311
138211
142111
10111
18011
9401
59201
56001
138990
149790
63690
63590
136390
142280
136180
59080
45080
138370
24370
59070
136160
136250
24150
59050
23840
63540
138440
38340
63630
63620
137710
137410
140310
9800
136600
209100
59000
