139799
136199
4789
139589
139189
136189
59089
58879
208679
63679
37969
138369
24369
134169
45069
58859
136559
24359
138949
63549
142549
139249
24149
38439
38339
24239
58829
206729
24429
141429
138029
137719
132719
63619
133219
140219
132019
137509
58998
55998
132698
63598
140498
134098
139888
137688
142588
134488
63678
134578
134478
138378
24368
136758
24358
45058
149648
63648
24348
139248
59048
142048
138538
138438
142438
58828
24428
139328
135028
139618
133518
134418
142418
137218
139018
139908
140308
139108
59008
137897
63697
137687
38587
45587
45087
55977
63677
208577
134477
131477
138377
59077
55967
137767
17767
138667
131567
37957
38357
135357
18257
139157
59057
139057
137547
139247
132437
136237
212237
24137
131137
63727
138517
133517
139317
140317
55996
139796
63696
140596
9886
132886
55786
137686
7586
142586
55976
141776
138376
24376
17966
139866
136766
24366
139266
138166
55956
24356
137256
59056
149056
137946
133846
135646
136146
37936
137936
140936
58336
139726
58416
139316
140316
139216
9806
149506
140506
135006
140895
149795
63695
24495
131495
9395
137785
17785
134775
24575
149475
133475
138375
63565
135365
24365
133365
59265
59065
134755
63655
63555
133555
38355
38255
138545
136545
63545
141445
38345
59045
137835
139635
9535
63535
131535
131525
59025
141025
133515
140315
137805
63705
138405
137794
205794
141694
133194
137784
131484
142284
139874
139774
136574
131574
138374
45074
63564
142164
45064
63654
63554
142554
24354
58844
18244
24144
58834
38834
146834
139734
142634
63534
131134
63724
131524
138914
140314
63704
24404
134993
63593
138393
136193
45093
63583
63673
138373
136173
139073
58863
135663
135363
49953
137753
146753
142553
132553
38353
24353
37943
211843
139743
18243
59043
139833
140633
138333
24133
59033
132623
24423
38323
59023
139023
140913
137813
4813
149513
133513
24413
140313
139113
210903
63603
131503
132203
59003
133492
149292
56292
137882
137782
136782
142582
131482
138182
38272
139172
59072
58962
55962
42962
137762
24362
133952
58852
23852
24352
132352
58842
4842
139742
142642
138542
138442
17442
139122
59022
133512
140312
142112
134602
137791
63691
136591
9391
208191
139091
134981
211481
138381
59081
135671
137571
63571
138371
131171
137761
55461
24361
139061
142551
24351
37941
55641
63641
63541
138441
210041
133731
140731
63631
63531
139231
63621
131521
23911
137711
63711
142611
24311
138211
142111
10111
18011
9401
59201
56001
138990
149790
63690
63590
136390
142280
136180
59080
45080
138370
24370
59070
136160
136250
24150
59050
23840
63540
138440
38340
63630
63620
137710
137410
140310
9800
136600
209100
59000
